[gd_scene load_steps=6 format=2]

[ext_resource path="res://Scenes/InGameUI/Pedestal.tscn" type="PackedScene" id=1]
[ext_resource path="res://Blender/Gold.material" type="Material" id=2]
[ext_resource path="res://Materials/SpatialMaterials/Metallic_Red.tres" type="Material" id=3]

[sub_resource type="SphereMesh" id=1]

[sub_resource type="CylinderMesh" id=2]
material = ExtResource( 3 )
top_radius = 0.001
bottom_radius = 0.3

[node name="Model_ElasticCollisions" type="Spatial"]

[node name="Pedestal" parent="." instance=ExtResource( 1 )]
Path_to_Scene = "res://Scenes/Tasks/TaskElasticCollision.tscn"

[node name="MeshInstance" type="MeshInstance" parent="."]
transform = Transform( 0.2, 0, 0, 0, 0.2, 0, 0, 0, 0.2, 0.475549, 0.925017, 0 )
mesh = SubResource( 1 )
material/0 = ExtResource( 2 )

[node name="MeshInstance2" type="MeshInstance" parent="MeshInstance"]
transform = Transform( 1, 0, 0, 0, 1, 0, 0, 0, 1, -2.08165, -0.00235271, 0 )
mesh = SubResource( 1 )
material/0 = ExtResource( 2 )

[node name="MeshInstance3" type="MeshInstance" parent="MeshInstance"]
transform = Transform( 0.35, 0, 0, 0, 0.35, 0, 0, 0, 0.35, -3.87774, -0.00235271, 0 )
mesh = SubResource( 1 )
material/0 = ExtResource( 2 )

[node name="MeshInstance4" type="MeshInstance" parent="MeshInstance"]
transform = Transform( 0.25, 0, 0, 0, 0.25, 0, 0, 0, 0.25, -4.87774, -0.00235271, 0 )
mesh = SubResource( 1 )
material/0 = ExtResource( 2 )

[node name="MeshInstance5" type="MeshInstance" parent="MeshInstance"]
transform = Transform( 0.25, 0, 0, 0, 0.25, 0, 0, 0, 0.25, -5.87774, -0.00235271, 0 )
mesh = SubResource( 1 )
material/0 = ExtResource( 2 )

[node name="Spatial" type="Spatial" parent="MeshInstance"]
transform = Transform( 1, 0, 0, 0, 1, 0, 0, 0, 1, -1.05075, 0, 0 )

[node name="MeshInstance" type="MeshInstance" parent="MeshInstance/Spatial"]
transform = Transform( 1, 0, 0, 0, 1, 0, 0, 0, 1, 0.0406599, 0.886915, 0 )
mesh = SubResource( 2 )
material/0 = null

[node name="Spatial2" type="Spatial" parent="MeshInstance/Spatial"]
transform = Transform( 0.893285, 0.384831, 0.232264, 0, 0.516728, -0.85615, -0.449491, 0.764786, 0.461585, 0, 0, 0 )

[node name="MeshInstance" type="MeshInstance" parent="MeshInstance/Spatial/Spatial2"]
transform = Transform( 1, 0, 0, 0, 1, 0, 0, 0, 1, 0.0406599, 0.886915, 0 )
mesh = SubResource( 2 )
material/0 = null

[node name="Spatial7" type="Spatial" parent="MeshInstance/Spatial"]
transform = Transform( 0.917081, -0.341348, -0.20602, 0.0997325, 0.696703, -0.710394, 0.386026, 0.630942, 0.672976, 0, 0, 0 )

[node name="MeshInstance" type="MeshInstance" parent="MeshInstance/Spatial/Spatial7"]
transform = Transform( 1, 0, 0, 0, 1, 0, 0, 0, 1, 0.0406599, 0.886915, 0 )
mesh = SubResource( 2 )
material/0 = null

[node name="Spatial6" type="Spatial" parent="MeshInstance/Spatial"]
transform = Transform( 0.939961, -0.230224, -0.251933, 0, -0.738196, 0.674586, -0.341282, -0.634084, -0.693876, 0, 0, 0 )

[node name="MeshInstance" type="MeshInstance" parent="MeshInstance/Spatial/Spatial6"]
transform = Transform( 1, 0, 0, 0, 1, 0, 0, 0, 1, 0.0406599, 0.886915, 0 )
mesh = SubResource( 2 )
material/0 = null

[node name="Spatial3" type="Spatial" parent="MeshInstance/Spatial"]
transform = Transform( 0.978674, 0.20507, 0.0119535, 0.205419, -0.977016, -0.0569502, 0, 0.0581911, -0.998305, 0, 0, 0 )

[node name="MeshInstance" type="MeshInstance" parent="MeshInstance/Spatial/Spatial3"]
transform = Transform( 1, 0, 0, 0, 1, 0, 0, 0, 1, 0.0406599, 0.886915, 0 )
mesh = SubResource( 2 )
material/0 = null

[node name="Spatial4" type="Spatial" parent="MeshInstance/Spatial"]
transform = Transform( 0.858415, -0.194183, 0.474781, 0.0588671, -0.882171, -0.467236, 0.509567, 0.429031, -0.745837, 0, 0, 0 )

[node name="MeshInstance" type="MeshInstance" parent="MeshInstance/Spatial/Spatial4"]
transform = Transform( 1, 0, 0, 0, 1, 0, 0, 0, 1, 0.0406599, 0.886915, 0 )
mesh = SubResource( 2 )
material/0 = null

[node name="Spatial8" type="Spatial" parent="MeshInstance/Spatial"]
transform = Transform( 0.923292, 0.347736, 0.163131, 0.329796, -0.499996, -0.800774, -0.196893, 0.793148, -0.576324, 0, 0, 0 )

[node name="MeshInstance" type="MeshInstance" parent="MeshInstance/Spatial/Spatial8"]
transform = Transform( 1, 0, 0, 0, 1, 0, 0, 0, 1, 0.0406599, 0.886915, 0 )
mesh = SubResource( 2 )
material/0 = null

[node name="Spatial5" type="Spatial" parent="MeshInstance/Spatial"]
transform = Transform( 0.999241, -0.0288673, 0.0261431, 0, 0.671268, 0.741215, -0.0389459, -0.740652, 0.670759, 0, 0, 0 )

[node name="MeshInstance" type="MeshInstance" parent="MeshInstance/Spatial/Spatial5"]
transform = Transform( 1, 0, 0, 0, 1, 0, 0, 0, 1, 0.0406599, 0.886915, 0 )
mesh = SubResource( 2 )
material/0 = null
